1900	10
1901	14
1902	17
1903	22
1904	29
1905	19
1906	32
1907	31
1908	30
1909	35
1910	44
1911	52
1912	55
1913	65
1914	74
1915	87
1916	86
1917	132
1918	141
1919	223
1920	269
1921	366
1922	435
1923	537
1924	605
1925	650
1926	730
1927	782
1928	888
1929	953
1930	1038
1931	1081
1932	1128
1933	1177
1934	1227
1935	1267
1936	1290
1937	1334
1938	1420
1939	1440
1940	1569
1941	1585
1942	1602
1943	1687
1944	1739
1945	1669
1946	1746
1947	1684
1948	1715
1949	1734
1950	1677
1951	1696
1952	1726
1953	1670
1954	1671
1955	1641
1956	1632
1957	1637
1958	1566
1959	1548
1960	1568
1961	1575
1962	1624
1963	1680
1964	1739
1965	1742
1966	1737
1967	1669
1968	1771
1969	1792
1970	1826
1971	1839
1972	1867
1973	1803
1974	1903
1975	1896
1976	1831
1977	1778
1978	1756
1979	1744
1980	1712
1981	1654
1982	1616
1983	1559
1984	1604
1985	1640
1986	1636
1987	1701
1988	1647
1989	1786
1990	1808
1991	1988
1992	2260
1993	2263
1994	2289
1995	2300
1996	2288
1997	2343
1998	2341
1999	2190
2000	2474
2001	3500
2002	3804
2003	4026
2004	4278
2005	4647
2006	5280
2007	5578
2008	6303
2009	6434
2010	6320
2011	6159
2012	6231
2013	6219
2014	6157
2015	6198
2016	5558
